x=[0.197154472
0.176829268
0.154471545
0.152439024
0.195121951
0.209349593
0.219512195
0.225609756
0.207317073
0.18902439
0.162601626
0.136178862
0.117886179
0.081300813
0.083333333
0.099593496
0.097560976
0.164634146
0.18699187
0.18902439
0.241869919
0.243902439
0.258130081
0.302845528
0.308943089
0.317073171
0.345528455
0.390243902
0.390243902
0.414634146
0.414634146
0.432926829
0.455284553
0.465447154
0.455284553
0.461382114
0.473577236
0.485772358
0.522357724
0.518292683
0.532520325
0.544715447
0.552845528
0.552845528
0.550813008
0.569105691
0.575203252
0.601626016
0.597560976
0.615853659
0.573170732
0.640243902
0.660569106
0.676829268
0.676829268
0.693089431
0.691056911
0.654471545
0.68902439
0.660569106
0.652439024
0.660569106
0.75203252
0.790650407
0.804878049
0.827235772
0.823170732
0.774390244
0.758130081
0.74796748
0.705284553
0.695121951
0.615853659
0.599593496
0.583333333
0.583333333
0.595528455
0.595528455
0.615853659
0.599593496
0.601626016
0.634146341
0.664634146
0.581300813
0.569105691
0.554878049
0.512195122
0.491869919
0.451219512
0.424796748
0.422764228
0.412601626
0.396341463
0.380081301
0.386178862
0.367886179
0.367886179
0.347560976
0.349593496
0.335365854
0.347560976
0.341463415
0.294715447
0.262195122
0.24796748
0.233739837
0.223577236
0.197154472

];


y=[0.226457399
0.248878924
0.289237668
0.383408072
0.399103139
0.405829596
0.47309417
0.576233184
0.598654709
0.607623318
0.618834081
0.618834081
0.618834081
0.647982063
0.730941704
0.730941704
0.757847534
0.84529148
0.847533632
0.878923767
0.921524664
0.946188341
0.937219731
0.934977578
0.959641256
0.984304933
0.986547085
1.015695067
1.051569507
1.051569507
1.076233184
1.103139013
1.103139013
1.067264574
1.053811659
1.042600897
1.035874439
1.035874439
1.042600897
0.988789238
0.930493274
0.926008969
0.890134529
0.867713004
0.85426009
0.838565022
0.816143498
0.784753363
0.766816143
0.755605381
0.692825112
0.656950673
0.627802691
0.625560538
0.598654709
0.582959641
0.565022422
0.477578475
0.426008969
0.426008969
0.401345291
0.376681614
0.31838565
0.31838565
0.334080717
0.325112108
0.30044843
0.30044843
0.286995516
0.286995516
0.30044843
0.280269058
0.278026906
0.255605381
0.255605381
0.228699552
0.213004484
0.177130045
0.141255605
0.130044843
0.100896861
0.096412556
0.058295964
0.015695067
0.038116592
0.035874439
0.053811659
0.040358744
0.047085202
0.103139013
0.127802691
0.1367713
0.116591928
0.123318386
0.134529148
0.14573991
0.177130045
0.18161435
0.165919283
0.183856502
0.19955157
0.228699552
0.278026906
0.282511211
0.280269058
0.264573991
0.246636771
0.226457399

];



x
y




